500
3000
384 387
278 416
294 336
387 493
150 422
363 28
191 60
264 427
41 427
173 237
212 369
68 430
283 31
363 124
68 136
430 303
23 59
70 168
394 457
12 43
230 374
422 420
285 38
199 325
316 371
414 27
92 481
457 374
363 171
497 282
306 426
85 328
337 6
347 230
314 358
125 396
83 46
315 368
435 365
44 251
88 309
277 179
289 85
404 152
255 400
433 61
177 369
240 13
227 87
95 40
296 71
435 379
468 102
98 403
318 493
153 257
302 281
287 442
366 190
445 120
441 230
32 118
98 272
482 176
210 428
68 357
498 354
87 466
307 184
220 125
29 372
233 330
4 20
271 369
209 216
341 150
297 224
119 246
347 452
422 56
380 489
265 229
342 351
194 1
35 265
125 415
488 357
244 492
228 366
360 437
433 52
438 229
276 408
475 122
359 396
30 238
236 294
319 429
144 12
429 30
277 405
444 264
114 39
107 341
405 319
129 189
370 418
418 497
325 244
471 184
491 500
273 226
145 91
6 140
455 287
170 83
43 465
198 8
356 305
349 112
123 329
300 344
247 69
341 423
312 311
106 302
162 231
379 306
321 237
445 127
23 466
209 417
283 259
425 138
63 125
101 37
453 400
380 51
469 72
474 132
382 431
434 395
161 164
200 482
400 497
460 274
314 169
191 96
427 467
85 341
91 185
377 43
437 108
446 257
180 419
388 413
349 173
160 10
337 211
343 88
207 302
214 373
322 256
320 100
222 405
440 312
441 168
206 229
128 151
485 159
421 225
423 270
397 82
131 85
293 473
173 351
126 386
223 300
141 43
399 214
299 191
25 91
210 82
320 337
233 156
495 5
380 270
274 277
351 256
361 143
80 385
494 206
122 68
5 114
462 255
327 260
445 203
203 7
285 22
343 369
29 190
373 409
459 499
37 309
254 249
304 334
134 149
391 255
68 247
369 30
1 47
289 298
250 491
304 34
364 498
254 393
187 126
153 497
476 189
158 230
437 461
415 422
461 305
29 28
51 249
57 403
295 198
200 44
40 3
429 404
1 182
148 39
160 152
36 135
340 193
216 128
5 130
50 465
286 430
344 336
178 401
239 472
450 290
368 489
293 296
244 145
330 391
183 341
42 70
327 233
262 43
361 118
24 262
82 310
191 426
497 368
178 235
191 127
25 58
115 169
206 359
313 387
101 347
227 495
417 53
79 30
447 291
148 471
52 81
132 94
358 128
215 356
13 91
413 480
111 470
190 275
356 142
121 434
488 389
339 67
271 285
357 418
107 261
350 238
206 60
218 19
446 284
374 459
374 138
290 484
108 479
258 315
472 230
101 460
119 439
26 389
75 234
158 182
494 359
271 200
418 340
70 364
123 295
174 348
432 463
183 391
293 292
58 116
22 158
75 492
448 452
232 22
38 241
55 31
99 326
82 17
17 3
232 140
297 405
339 81
219 22
471 363
313 380
478 186
37 405
177 484
208 260
358 245
500 412
128 451
237 61
319 106
64 50
245 212
306 435
292 376
456 115
90 269
494 419
306 383
323 483
218 31
94 75
127 94
487 254
44 75
315 214
180 378
263 276
89 420
211 233
295 18
347 236
138 192
154 444
74 329
426 292
211 19
218 337
464 56
91 359
131 405
72 162
134 186
290 74
105 352
306 251
369 4
486 7
196 140
450 121
468 227
264 178
97 482
366 61
37 456
271 19
212 343
33 197
380 322
271 485
173 428
235 41
284 73
399 331
64 348
451 31
74 215
60 23
48 425
83 436
233 205
455 444
399 487
141 279
160 263
263 184
42 349
224 325
273 123
155 336
322 458
366 248
172 277
270 219
202 204
154 434
408 460
229 307
298 221
85 309
335 199
492 377
399 216
53 172
190 60
7 11
17 225
110 40
1 379
110 54
82 115
339 490
427 68
148 224
288 232
33 123
282 376
351 180
91 255
351 132
495 182
82 104
221 434
483 182
488 416
297 326
405 223
393 52
298 33
135 182
7 416
58 209
96 500
463 298
484 277
155 478
310 88
433 383
22 267
64 361
183 212
186 87
286 431
491 84
315 477
117 321
393 26
29 340
26 491
137 361
119 144
338 429
83 122
311 456
389 226
316 71
438 354
9 223
284 351
158 98
328 127
270 72
152 150
411 29
140 399
389 111
394 78
391 477
200 53
432 88
278 100
158 67
453 18
142 236
369 299
185 196
277 306
267 429
455 29
309 94
279 198
56 173
275 446
1 326
498 284
413 128
383 422
194 335
440 335
422 160
486 458
355 262
263 473
42 217
353 351
163 483
400 218
155 174
16 7
352 365
291 264
492 173
38 38
360 329
372 281
91 342
471 353
166 12
70 18
362 84
352 113
301 7
139 168
365 490
33 155
105 376
180 142
413 39
470 137
171 457
345 261
150 315
466 315
327 387
184 40
470 36
153 122
394 291
290 110
132 174
265 236
49 296
378 314
334 199
450 356
156 294
469 157
461 434
324 287
172 359
178 141
246 182
262 491
324 51
101 455
76 365
43 125
160 420
290 345
470 239
52 477
384 20
134 344
305 457
482 476
167 12
468 413
193 230
403 369
132 3
175 208
219 217
184 378
488 473
74 458
63 126
434 298
497 419
142 154
227 475
481 394
486 449
306 31
30 60
399 161
63 425
220 281
142 403
11 481
227 84
290 141
209 224
439 58
494 432
211 221
406 191
114 392
139 271
422 168
330 172
181 244
96 400
25 89
155 387
70 233
470 211
374 31
434 164
88 280
95 150
500 352
340 465
243 331
87 16
350 416
187 382
12 135
134 388
223 288
274 144
20 243
355 245
125 140
260 64
419 354
213 270
206 405
234 300
235 320
316 436
88 354
170 451
488 303
338 63
90 111
206 461
205 412
58 330
404 317
393 322
23 106
444 80
362 29
379 448
201 46
383 288
400 52
90 387
354 427
449 295
37 7
108 93
418 165
422 321
481 167
495 355
124 438
434 485
318 313
432 18
210 166
157 109
70 246
496 423
172 296
70 60
302 177
153 72
341 426
244 173
92 90
28 67
379 313
51 197
125 334
214 187
500 371
295 69
116 142
343 140
438 264
199 91
440 203
14 132
129 258
305 72
347 184
139 226
496 41
422 473
227 135
159 226
357 453
146 473
447 340
112 384
104 162
326 43
217 340
175 345
97 331
268 295
14 258
20 361
151 293
333 377
280 491
454 136
296 99
108 242
438 71
477 41
85 302
84 301
493 110
497 441
440 264
236 305
374 107
165 24
252 350
252 31
340 205
166 487
303 126
80 92
48 408
485 132
62 420
432 54
29 428
495 320
44 82
124 269
188 140
144 439
489 395
321 181
99 487
19 253
464 99
196 11
6 180
143 67
99 426
473 479
354 467
298 249
48 273
17 87
413 160
378 401
54 198
433 4
36 452
108 499
50 155
362 407
335 4
326 285
429 298
264 134
116 61
382 15
186 398
101 98
409 330
350 314
380 135
317 415
86 276
266 487
431 127
393 117
130 70
253 410
367 16
396 334
429 277
348 114
27 301
63 287
130 264
101 9
398 417
276 483
45 41
321 327
19 66
295 500
135 47
409 354
63 304
187 343
433 35
308 311
335 370
97 316
485 197
325 383
466 452
217 362
344 38
188 362
103 482
361 89
380 121
442 294
425 129
136 209
163 443
371 497
164 467
312 1
16 488
235 333
291 451
194 134
340 381
495 294
214 355
383 445
476 324
239 252
452 374
312 466
169 182
314 184
500 478
36 15
465 270
347 108
73 392
241 412
124 88
58 337
294 440
282 121
115 372
372 419
97 35
384 265
68 198
301 68
175 336
434 491
458 133
450 30
24 191
293 148
130 350
336 423
141 469
44 256
340 267
26 437
154 261
53 221
458 205
288 484
41 222
327 498
206 128
379 229
170 171
228 299
21 64
222 161
384 117
268 224
383 293
12 36
54 64
109 363
269 396
199 161
469 377
10 174
4 388
255 174
58 482
324 430
397 45
443 281
13 210
356 248
355 367
135 260
282 243
474 402
139 172
414 459
400 423
485 256
162 91
281 72
424 104
1 321
1 443
453 13
5 308
260 359
26 395
118 159
137 91
61 127
115 474
438 366
249 422
121 410
364 401
333 287
5 334
459 357
128 411
369 132
70 129
342 447
375 459
106 11
402 166
490 368
491 427
233 239
200 206
1 63
458 333
349 462
18 308
170 498
70 39
129 140
19 471
86 393
281 43
255 34
208 244
401 51
22 486
289 221
191 141
135 148
326 484
462 195
143 131
192 64
21 321
55 39
143 493
431 423
35 186
309 95
281 209
145 303
46 285
23 88
426 158
236 103
493 49
297 487
31 341
50 52
13 457
90 155
449 373
429 483
58 89
77 338
140 195
6 15
283 283
24 370
237 16
418 385
354 300
225 255
351 237
211 293
243 159
142 222
112 70
411 261
291 403
456 148
417 90
282 440
459 18
307 376
402 12
175 479
266 378
67 477
170 162
135 334
37 128
407 500
198 317
261 340
71 68
487 487
9 268
278 467
137 436
194 38
447 220
368 213
97 435
41 118
96 175
451 132
303 209
131 352
26 243
191 448
162 177
435 170
296 64
136 432
352 181
321 298
401 189
362 497
475 402
115 70
429 417
53 83
126 183
434 3
278 124
450 291
152 236
461 447
300 448
230 3
129 50
300 29
90 14
377 64
267 491
485 195
260 37
277 385
72 210
239 201
185 40
491 336
276 451
282 427
251 363
429 379
265 80
259 354
445 135
270 212
478 106
258 237
143 35
473 66
96 211
266 133
250 108
468 377
59 102
303 161
464 83
39 228
15 297
434 459
431 55
170 408
160 428
496 302
314 468
219 261
30 336
393 132
444 213
8 354
314 163
14 129
97 52
357 111
200 142
70 482
196 91
390 355
370 237
9 183
205 227
296 234
415 188
365 358
252 225
211 65
239 224
127 402
446 326
395 367
307 90
457 48
296 327
285 304
361 341
383 156
74 149
196 291
6 447
367 68
364 105
291 409
291 269
162 236
94 56
102 252
145 411
152 292
89 436
448 449
276 182
457 201
330 152
343 335
450 61
402 165
165 44
73 456
312 234
43 257
141 497
360 137
259 11
429 347
298 376
295 425
57 251
254 320
72 56
381 325
220 397
368 145
204 31
230 247
287 371
95 146
359 353
9 287
199 306
14 345
231 422
448 208
159 201
379 230
108 259
54 180
8 273
176 211
303 405
309 441
127 403
87 486
107 447
124 305
252 138
2 334
411 449
393 70
1 272
151 109
382 57
288 389
329 463
452 484
219 260
424 346
15 362
183 473
308 158
130 412
295 131
245 58
79 138
127 79
261 129
187 142
185 326
383 366
140 334
349 359
445 124
56 311
486 90
284 145
247 413
56 394
43 301
451 121
290 429
51 50
57 238
43 242
415 425
459 55
110 159
265 55
282 320
217 119
261 500
264 7
264 319
400 306
471 202
278 112
130 329
13 187
418 56
280 184
480 90
238 90
248 354
496 381
25 212
500 285
212 115
144 327
285 43
133 108
97 262
219 226
442 232
264 211
287 395
395 118
336 484
59 83
338 54
316 214
118 315
499 181
281 142
7 65
36 139
24 132
253 243
210 46
326 325
257 464
72 3
81 407
486 492
490 175
45 157
389 162
471 239
342 103
380 349
19 267
339 43
251 443
285 460
489 462
136 97
425 207
99 357
114 436
348 455
463 245
111 203
258 433
441 452
387 172
300 405
290 490
447 40
285 83
351 273
44 487
369 320
193 319
177 158
254 376
464 216
120 426
270 378
210 210
181 96
233 332
1 23
321 447
414 457
30 265
229 425
251 449
245 295
119 273
305 373
148 268
440 120
194 210
349 255
271 29
351 356
360 351
230 32
149 143
489 178
407 69
455 9
370 199
304 488
471 108
212 470
227 4
441 272
65 289
27 187
317 377
42 28
79 123
60 227
266 400
405 24
468 359
33 189
409 188
177 231
295 240
52 373
243 493
145 307
281 23
494 450
399 387
329 477
10 388
203 127
139 459
150 459
147 429
221 175
159 15
415 63
240 157
55 236
316 335
258 161
136 8
47 465
484 56
204 38
34 343
349 184
301 369
217 447
150 438
122 160
304 388
222 43
44 276
278 211
463 387
371 98
394 418
62 229
325 118
267 359
460 467
394 260
187 110
58 336
47 31
496 203
418 217
97 314
493 375
24 307
261 395
404 7
164 318
235 340
435 353
50 394
319 443
5 6
405 414
193 303
445 188
5 362
257 102
27 249
328 51
55 440
297 310
446 312
127 181
3 413
33 53
158 204
347 162
61 251
428 253
54 372
441 58
85 49
11 112
149 338
14 55
278 162
364 75
325 343
255 327
255 140
379 265
343 226
278 403
328 205
155 381
76 447
291 161
495 301
124 143
491 489
197 120
150 413
194 326
255 449
152 361
88 383
125 430
460 403
184 287
107 338
168 35
137 310
47 131
110 170
126 452
158 174
71 159
86 265
484 340
65 487
53 4
433 328
431 468
467 38
305 134
72 293
295 118
276 256
139 401
208 148
74 278
158 160
394 493
351 458
479 403
461 348
432 245
27 362
212 493
399 369
478 322
161 272
291 288
380 281
188 87
280 114
364 437
125 110
429 475
67 260
230 28
459 161
272 485
374 336
330 125
204 159
446 216
283 89
4 162
369 43
248 1
156 463
437 132
72 218
477 188
18 435
200 141
271 73
328 452
197 383
111 495
99 393
83 454
54 303
348 153
155 356
115 92
487 39
161 445
29 489
484 46
423 35
38 45
108 366
497 156
248 107
150 198
351 84
3 404
239 351
56 393
206 22
336 192
412 496
489 440
484 324
337 258
359 227
303 466
92 151
121 191
109 123
389 459
58 391
362 296
241 269
41 298
142 376
342 54
224 330
345 59
153 34
317 11
260 471
328 351
473 301
41 81
275 281
39 332
172 400
480 264
20 20
62 13
247 255
418 470
84 263
29 88
296 197
451 55
167 130
257 139
430 297
219 56
430 109
388 101
8 219
216 379
238 129
391 336
383 309
306 318
423 186
258 70
382 208
124 400
337 380
390 119
28 108
174 457
216 413
409 75
131 477
305 220
457 47
56 340
207 213
9 129
398 266
198 131
473 173
30 162
404 419
132 284
378 157
92 445
70 353
371 52
329 27
124 285
73 31
476 280
95 485
260 492
250 310
474 75
482 3
236 238
273 367
21 2
375 112
446 444
316 168
348 144
194 323
281 118
205 108
397 299
92 9
290 194
318 263
268 151
117 355
388 241
73 260
242 447
224 39
243 39
206 90
183 251
264 315
368 468
422 117
266 366
125 407
59 442
21 326
92 489
180 332
229 252
91 470
198 314
360 292
353 417
233 387
167 496
201 386
315 474
2 80
339 478
338 397
419 358
74 363
346 105
194 426
208 136
247 406
450 106
49 154
374 282
40 40
277 92
278 92
65 131
23 256
109 361
152 27
70 78
241 416
182 434
193 390
70 440
147 371
397 195
24 271
476 415
162 105
6 439
196 422
70 70
177 178
430 181
56 500
258 297
267 439
82 459
180 3
250 326
225 147
373 248
417 348
162 78
452 19
17 499
441 438
69 117
467 350
297 22
349 406
170 467
197 252
278 376
106 27
54 331
173 426
430 89
273 444
19 77
462 387
427 402
324 495
371 290
197 19
163 397
425 333
364 121
436 141
348 393
19 401
223 44
326 5
484 451
448 2
379 409
388 305
163 63
152 33
352 348
403 367
244 327
51 459
299 338
451 499
230 470
399 305
13 77
309 348
379 256
350 109
164 237
265 178
152 416
210 355
115 113
291 271
169 442
108 472
440 190
441 190
494 305
118 154
152 348
409 353
456 424
442 73
102 93
340 163
447 455
127 20
17 270
290 185
211 250
156 2
291 448
43 284
104 13
289 108
212 197
312 20
472 253
92 425
197 431
88 144
237 66
163 253
335 304
290 397
398 195
97 293
330 200
157 118
159 368
166 323
387 138
75 478
62 272
409 1
267 497
67 281
250 401
436 39
298 341
335 47
387 431
191 217
483 347
186 493
215 352
315 453
341 242
431 254
365 191
255 131
187 173
263 288
73 198
326 222
390 161
121 277
443 311
493 425
10 30
270 76
381 84
28 221
325 310
475 189
500 81
171 39
253 433
326 177
483 152
399 372
164 371
148 458
33 492
235 42
22 4
117 254
439 497
327 264
306 153
304 158
196 337
259 21
13 93
24 263
465 39
133 464
349 166
308 83
59 329
438 28
434 376
24 260
491 329
412 147
486 496
473 33
332 83
406 197
176 429
459 140
320 444
455 168
461 262
102 371
442 39
398 376
414 421
487 257
102 399
403 439
246 375
457 229
126 132
9 436
123 180
231 78
347 191
414 133
338 311
8 252
84 494
8 37
244 410
327 490
136 150
419 92
378 396
331 198
418 414
275 117
456 466
416 369
450 254
180 457
357 115
302 216
151 398
477 477
239 112
127 9
203 356
404 278
94 86
476 12
499 102
128 307
419 43
175 368
148 354
324 4
468 478
219 470
227 195
447 465
306 425
473 361
280 228
138 226
165 465
67 216
322 485
110 496
353 258
202 28
261 21
357 332
491 83
26 289
47 184
213 371
44 492
450 33
217 467
498 305
482 64
372 155
400 482
2 252
91 203
132 203
76 488
34 66
71 412
206 469
447 418
192 490
261 493
374 330
459 371
134 292
286 358
298 38
191 300
289 281
354 272
335 429
260 221
346 182
484 51
2 430
320 193
271 81
38 144
410 348
140 4
104 289
41 294
88 182
426 442
453 113
222 64
333 68
245 316
470 247
245 290
291 15
222 328
10 131
176 376
377 167
232 481
455 272
126 43
305 404
336 258
16 57
173 348
476 418
15 446
164 259
87 454
125 308
282 134
290 309
362 18
475 93
350 429
216 476
323 373
231 158
482 246
67 154
93 42
71 459
339 86
217 425
40 193
84 173
178 373
333 39
243 307
483 92
87 51
419 410
423 149
419 256
246 485
409 190
379 480
148 217
65 216
494 456
408 77
480 86
302 312
476 396
470 311
487 57
213 258
318 487
258 236
242 4
73 150
193 451
481 341
19 398
56 12
205 316
441 185
401 94
348 228
489 318
38 475
374 102
84 191
88 342
278 329
197 202
331 389
4 311
81 23
60 137
386 265
304 178
301 56
271 148
465 173
86 338
274 169
380 362
362 10
190 58
211 20
447 67
183 379
89 242
367 326
358 170
4 158
225 126
306 8
385 270
32 470
460 305
490 191
166 352
52 208
409 263
79 207
329 261
86 269
355 452
446 212
122 301
370 346
427 27
205 163
296 236
132 107
41 121
150 58
324 201
117 233
315 196
291 143
308 376
263 14
180 61
78 301
361 447
498 139
325 55
301 472
290 432
79 182
405 80
92 228
280 208
312 95
255 103
89 415
330 204
280 9
264 357
161 476
155 11
115 479
65 415
451 354
199 381
388 455
460 479
34 239
38 346
185 145
300 274
59 129
329 338
490 92
47 150
419 201
160 33
180 224
300 130
430 498
10 317
304 321
147 337
59 184
34 96
328 333
221 238
314 49
428 303
492 474
304 410
26 464
443 205
39 94
186 320
443 47
488 246
367 134
82 278
170 116
373 349
300 93
439 113
141 366
415 132
191 71
393 216
34 187
273 424
280 458
96 222
5 83
319 223
69 253
500 90
220 372
290 19
316 228
484 456
445 250
439 135
320 184
203 205
370 475
129 150
284 224
223 140
158 394
363 226
146 214
167 365
438 457
235 253
184 218
61 481
468 351
467 287
34 169
492 404
495 472
405 279
47 479
372 280
134 369
494 300
85 283
256 320
35 292
389 95
272 208
298 90
495 331
259 338
86 105
161 490
383 59
321 301
114 192
432 247
413 277
47 497
59 154
168 446
445 57
392 68
264 189
10 110
20 120
299 457
224 459
299 107
17 119
259 483
162 42
229 74
319 127
71 229
281 238
174 77
146 66
497 410
254 6
371 125
125 170
434 348
128 232
306 497
350 64
479 11
458 59
437 276
186 359
4 466
448 30
42 94
95 38
355 200
395 225
177 19
246 110
193 24
222 42
440 52
404 397
110 192
24 295
50 379
112 498
260 154
91 354
43 297
406 290
373 434
308 119
395 378
344 87
254 417
480 193
468 383
441 429
75 316
224 476
46 335
473 306
340 415
11 235
211 416
24 436
201 183
54 95
61 397
33 314
313 12
358 132
395 150
60 321
317 135
322 121
167 13
387 178
247 450
445 122
385 146
157 438
92 217
186 125
382 350
488 91
481 382
92 392
54 408
27 202
269 348
174 288
212 60
465 311
9 261
258 88
34 350
156 219
326 389
68 313
479 400
47 70
292 452
329 170
5 98
369 178
90 201
390 450
461 174
195 219
113 228
420 121
447 97
9 366
118 307
261 409
430 115
39 298
293 275
229 382
475 119
331 287
144 377
357 256
105 128
228 403
76 237
120 337
428 237
495 188
145 105
277 74
220 167
223 364
97 267
422 279
406 65
156 262
172 112
242 400
14 317
488 133
5 415
222 500
102 366
456 231
292 27
397 366
390 338
317 338
104 90
117 9
6 124
123 178
87 216
429 452
384 416
84 389
330 157
240 283
23 195
13 166
222 410
383 463
247 52
301 202
141 269
63 147
244 37
176 330
104 104
281 487
19 216
227 200
373 466
482 247
161 495
264 382
256 146
344 354
197 496
55 190
264 469
336 359
357 11
188 460
466 468
447 484
184 173
35 408
139 16
154 151
10 417
62 79
75 25
300 190
345 135
49 202
497 236
161 462
56 459
297 91
132 331
498 122
198 151
124 60
419 7
176 332
85 146
442 11
170 241
201 366
227 101
67 75
336 228
388 243
38 184
333 169
366 330
142 64
332 265
123 250
271 150
82 208
295 23
218 316
116 418
182 194
18 248
269 206
327 156
448 365
192 133
385 57
462 379
472 146
143 446
395 266
96 328
473 390
203 190
206 318
460 387
11 329
486 131
386 165
287 186
381 478
318 265
386 131
143 210
276 138
155 23
403 102
350 227
492 52
268 49
221 227
287 84
408 272
214 293
288 352
330 168
181 147
433 67
278 427
128 405
64 282
427 318
236 129
44 79
32 312
127 105
390 413
188 297
36 253
442 176
105 271
343 285
418 275
203 47
54 330
451 117
464 230
287 199
358 330
277 389
141 255
493 31
19 32
179 406
285 120
81 241
243 424
377 160
50 432
58 103
261 360
72 76
89 358
274 446
39 402
187 32
156 31
414 174
63 92
80 199
64 160
291 306
83 167
317 485
98 374
87 211
85 10
286 174
219 412
471 258
313 9
289 469
40 202
494 454
145 425
152 60
85 294
365 19
460 33
3 410
258 442
120 343
303 257
16 22
168 338
131 333
347 419
153 386
191 468
71 342
28 7
487 244
377 446
277 380
207 386
173 178
228 475
287 95
348 454
433 478
138 131
248 290
16 71
288 206
39 210
399 418
216 385
13 92
182 141
323 241
27 347
418 106
322 56
201 169
10 485
499 499
115 246
289 482
317 428
39 207
137 289
476 204
25 488
147 58
129 470
298 155
168 68
112 489
123 312
10 484
148 8
483 114
105 123
95 421
402 485
479 38
273 454
93 297
442 239
355 422
428 228
71 39
68 194
203 429
29 350
436 11
316 393
485 410
247 144
275 19
449 367
316 242
458 22
163 369
25 442
96 96
481 16
141 183
444 169
384 232
32 199
124 368
461 140
254 207
283 28
225 232
247 392
325 204
265 488
424 290
429 372
237 261
387 377
443 182
397 179
265 280
377 240
148 337
380 253
395 162
132 120
245 378
363 70
433 128
409 357
269 189
228 5
450 466
233 244
147 481
274 412
261 151
151 260
339 30
12 234
44 495
205 140
225 419
61 157
398 469
365 166
10 444
170 459
261 402
54 260
235 328
23 347
330 25
106 20
55 469
105 450
463 161
441 187
196 477
470 412
143 331
208 164
141 468
418 195
79 152
374 101
498 203
126 103
74 32
423 179
481 237
339 421
424 418
422 471
247 244
234 241
426 441
404 67
261 321
113 339
324 486
440 321
40 417
275 113
448 197
291 428
286 482
200 61
251 474
31 497
69 116
237 494
57 493
412 169
359 489
9 150
309 400
66 436
365 13
484 155
292 269
488 344
329 239
317 211
235 237
327 324
82 235
316 494
403 480
17 261
468 378
263 129
277 328
64 141
341 399
148 132
168 135
475 496
225 143
59 460
231 385
135 313
119 450
158 373
281 174
485 101
403 247
81 32
75 496
24 267
394 23
398 61
158 225
409 382
219 467
193 450
203 327
114 173
128 271
45 261
296 29
361 51
128 441
82 54
288 105
320 181
128 69
94 137
145 354
370 364
172 415
165 374
93 130
46 221
252 442
481 399
322 193
449 449
485 30
2 272
487 173
304 466
242 397
454 386
250 175
101 273
89 265
146 182
394 43
254 497
484 86
396 158
278 344
106 262
226 460
385 64
132 188
29 225
437 334
111 38
8 211
311 97
328 308
130 73
203 235
70 38
320 465
195 449
308 153
62 33
112 446
96 95
485 476
320 421
309 430
459 169
492 121
265 319
428 246
392 130
480 313
168 151
277 362
99 84
366 160
469 477
105 416
424 441
244 243
362 404
24 320
72 367
440 188
186 219
433 429
349 264
241 368
414 369
81 364
304 447
23 272
275 479
40 198
420 283
440 133
38 315
452 110
182 243
297 219
313 82
499 13
345 91
380 111
459 313
326 114
111 349
386 385
83 450
411 374
82 448
41 385
57 74
479 354
292 292
287 142
304 483
232 36
445 42
348 271
155 458
471 392
194 149
20 276
99 430
2 180
378 394
417 286
467 395
491 258
186 277
251 490
260 334
377 204
227 224
474 233
33 444
125 226
445 144
354 395
426 207
426 155
100 342
440 66
237 431
175 422
59 425
263 170
110 139
214 199
68 246
324 291
188 29
185 465
235 110
119 186
452 58
103 188
340 277
461 399
53 224
420 162
362 293
349 76
344 416
173 190
460 348
480 499
376 16
463 462
125 433
147 428
490 249
467 182
377 428
432 281
151 351
294 364
496 142
291 191
410 316
380 369
163 211
219 391
226 181
352 202
113 499
482 454
99 448
487 328
375 418
108 377
121 402
93 116
395 383
306 304
50 37
24 213
99 242
103 176
274 306
229 238
304 210
192 255
158 178
82 384
448 41
261 68
294 353
35 41
87 192
344 137
228 368
201 326
461 155
353 235
460 81
472 116
222 300
45 155
183 492
195 443
411 341
147 445
381 86
136 76
443 274
392 256
428 244
490 239
324 461
354 466
328 427
265 372
81 448
363 276
242 273
468 241
69 348
326 204
423 399
270 218
24 161
473 303
256 314
41 79
126 247
397 453
173 161
324 254
108 38
381 202
162 348
442 230
47 267
285 321
17 54
390 40
66 214
342 321
27 382
252 5
480 148
457 153
308 133
258 268
170 490
469 332
