1 8 565985
1 2 44879
1 5 344819
1 4 171088
1 6 566414
1 3 722863
1 7 383427
1 10 897764
2 9 900974
2 1 44879
2 4 322228
2 6 120710
2 8 612903
2 5 612400
2 7 268981
2 10 413785
2 3 490028
3 9 949300
3 8 926653
3 6 898815
3 10 634023
3 1 722863
3 2 490028
3 7 516650
4 5 255764
4 2 322228
4 9 2246
4 10 258271
4 1 171088
4 8 703136
4 6 238336
4 7 692778
5 7 907670
5 1 344819
5 4 255764
5 10 346620
5 2 612400
5 9 705404
5 8 353896
6 8 346229
6 9 975408
6 7 964684
6 2 120710
6 10 480571
6 3 898815
6 1 566414
6 4 238336
7 5 907670
7 6 964684
7 9 947179
7 10 661314
7 8 126506
7 2 268981
7 1 383427
7 3 516650
7 4 692778
8 1 565985
8 6 346229
8 3 926653
8 2 612903
8 5 353896
8 7 126506
8 4 703136
8 9 956430
9 2 900974
9 3 949300
9 6 975408
9 4 2246
9 5 705404
9 7 947179
9 10 898168
9 8 956430
10 4 258271
10 5 346620
10 6 480571
10 7 661314
10 2 413785
10 9 898168
10 3 634023
10 1 897764
Kruskal
 
------------------
1 2 44879
1 3 722863
1 4 171088
1 5 344819
1 6 566414
1 7 383427
1 8 565985
1 10 897764
2 1 44879
2 3 490028
2 4 322228
2 5 612400
2 6 120710
2 7 268981
2 8 612903
2 9 900974
2 10 413785
3 1 722863
3 2 490028
3 6 898815
3 7 516650
3 8 926653
3 9 949300
3 10 634023
4 1 171088
4 2 322228
4 5 255764
4 6 238336
4 7 692778
4 8 703136
4 9 2246
4 10 258271
5 1 344819
5 2 612400
5 4 255764
5 7 907670
5 8 353896
5 9 705404
5 10 346620
6 1 566414
6 2 120710
6 3 898815
6 4 238336
6 7 964684
6 8 346229
6 9 975408
6 10 480571
7 1 383427
7 2 268981
7 3 516650
7 4 692778
7 5 907670
7 6 964684
7 8 126506
7 9 947179
7 10 661314
8 1 565985
8 2 612903
8 3 926653
8 4 703136
8 5 353896
8 6 346229
8 7 126506
8 9 956430
9 2 900974
9 3 949300
9 4 2246
9 5 705404
9 6 975408
9 7 947179
9 8 956430
9 10 898168
10 4 258271
10 5 346620
10 6 480571
10 7 661314
10 2 413785
10 9 898168
10 3 634023
10 1 897764
------------------
2 3 490028
2 4 322228
2 5 612400
2 6 120710
2 7 268981
2 8 612903
2 9 900974
2 10 413785
 
Kruskal end
